10000
-3443
5583
-7775
-3866
-8661
42
-9827
2399
-8675
-3402
-4937
-4187
-3567
4720
3349
-6511
-3888
7468
991
5200
8514
8581
3034
-3654
-9956
-1502
942
-2105
3413
1711
305
-8101
4837
-1486
4828
4028
5131
4721
-2628
3454
-9929
8251
-8790
-8326
8274
9539
-4544
1950
7904
3223
-1445
4791
5540
739
5529
-6980
-3968
-760
-6058
103
-7618
-2802
-6802
9333
7844
-9860
-4517
9642
-8163
-6309
-781
-1995
-2736
-8383
-5734
3386
-6497
-4802
-5401
-5752
9315
4879
1188
1662
9334
3344
3194
-711
7241
6236
9598
9300
9958
-5740
2759
3615
-855
-6747
2354
-3756
-1026
-2075
8354
4180
1420
4087
-25
4534
-3920
-6874
-9586
692
5860
-9345
-4797
3136
195
-2454
7659
-6909
9614
6399
-1789
2961
3673
9887
3110
7593
-2295
-5604
7829
5489
-3583
3177
-3401
1648
5635
-9666
1232
-1073
-7177
9014
-8025
-6160
-2048
-3486
1191
184
-4923
8228
-9959
3506
-8971
2108
2488
-7014
-7965
-3948
-8844
-1377
-2629
1142
4454
-771
-1539
-754
2435
7584
7347
-5585
1902
2917
-8419
83
1209
8508
-7256
-7193
159
3598
7553
-9264
-2323
-1206
6653
3264
3785
-5873
-5134
-7006
-215
-7638
7728
4682
-6895
7293
1278
6216
1032
-9667
5167
-3172
2700
-9376
4395
-4725
1449
4364
-2453
1379
2610
-6443
-77
-7248
-366
-9591
1726
-4545
5566
-4499
-4448
-6148
-5608
1946
-7438
7874
-8712
7118
-5675
8419
-2159
4458
-6282
-8643
-2084
165
9007
3936
-822
-5976
-8075
6199
2144
2949
1360
-1246
-4829
9794
8826
-4257
-1160
-882
-6159
-9634
760
1340
-9522
1457
4820
8793
-2194
-6587
5132
6340
2324
-2610
268
1172
-1769
-3406
-9031
4063
-5493
-5787
-4987
-5853
-571
-2007
-6045
-5160
6635
-1799
8321
3688
-4628
-449
-648
2052
7062
9883
-567
9003
2610
-8242
3558
-3936
-8607
6187
-4709
2089
812
7968
3048
9903
6671
-1571
5877
1033
8140
-4174
-4729
5409
-9233
-87
-3621
3559
7729
3741
8859
2592
-3170
-450
109
-3853
-620
-2703
9527
-2907
3667
2862
-1990
1423
7590
-3093
-4421
6721
-5106
3293
3992
-8947
-8051
9853
9859
-5188
-1785
5641
-73
9741
9588
6694
-2133
-7172
2912
8247
2929
3482
9198
-990
-522
-2856
1496
4516
4762
1299
1078
6283
6106
8292
-9555
7694
2796
-5718
1883
7003
-4956
-4900
-6683
1681
-9599
6836
4075
-5523
-5075
2003
-1056
-9173
-9676
3379
-7451
-1667
-5726
-4513
1542
396
4495
-8162
3565
6472
-8671
8441
3970
-6975
2290
-5709
-1720
-5865
-2212
8440
-6885
-1384
3760
-9613
-3798
-7502
5438
-7542
9949
3743
4662
-9662
3091
-1820
5136
708
8063
377
-9092
7077
-8554
1348
-6277
-6494
9814
2403
-1463
-6646
-5083
6395
5286
-3713
-4254
1399
8800
1213
-9289
-6938
-5847
2681
491
7787
6453
-1553
-8119
-4732
7826
-5310
-716
-4033
1739
9877
-3462
-5012
1386
8224
3992
-3952
-2328
-1422
-8522
-5787
-9587
3256
5495
-6267
-1588
-2955
3739
4051
-4640
8602
7601
-1691
9620
7524
1328
-1308
-4563
-6991
1849
-3556
323
2854
-3054
6167
-2371
-6111
5228
5184
5791
8863
2995
4063
-9334
-6037
911
7290
-4409
4795
-7340
-5233
-3259
7649
-4347
6447
9827
8703
-1420
-5802
-1464
-8857
-1822
5291
9680
-4519
9408
1671
-4480
-973
-9150
-9247
-2106
-8507
6240
-312
-7875
-9620
5654
-6692
2805
776
5066
-499
-6597
6357
-501
-3239
1932
-3729
-6542
-733
5117
-2810
-2447
9701
750
-4984
3487
-8709
2172
-1709
3676
6279
7716
7005
7394
-7817
4727
7994
4742
-7953
-2291
-5369
-8479
7258
3712
4711
2900
-607
-596
4073
-2800
-3765
1865
-4175
-2060
-1309
-7350
6299
-3507
9941
-3541
7046
3738
-1527
-8412
-574
509
-5093
250
-2768
-115
-6754
-3435
6160
-7694
-2143
1000
43
-4123
8545
2826
9310
-7602
-3595
2132
3698
-3491
-3369
8449
128
1534
1951
1598
-104
-6171
3026
4976
5594
-5626
-1124
8368
2675
1861
-9297
2004
6938
-6096
-2242
2989
-1030
4666
-111
8290
9439
7798
8372
-4609
-8078
2371
5040
-7279
1436
-5464
1430
1474
-6742
-5852
455
3869
7712
8695
4489
9009
-201
-8074
-8554
-6342
6892
4350
6592
-1544
8679
-2508
-2094
8803
3893
-4504
-278
5897
-816
-7894
4639
-2772
1480
-3172
8720
5769
5302
-9975
-4112
2572
4721
-3897
-5432
-2866
9504
-184
-7888
-7501
6920
5166
9339
9614
1633
4930
4600
-7953
-7022
7441
7447
-8552
6749
2111
7844
-9431
3576
9326
-1740
-5038
3601
8147
-2653
-2714
-4024
-6322
8146
2698
858
7574
6862
-3323
-1576
5497
4208
-9988
5187
3233
9576
4568
-329
-5595
-3276
746
-9709
-7379
8050
-3465
-1340
-4053
-9911
7572
-9175
3667
6539
-7225
-7618
-7762
6325
-6393
3810
-6853
-1109
2300
-3757
-9898
-9573
6841
1818
-2323
-6537
-7028
2399
-1957
-5049
4679
-8060
9569
3910
6205
53
-4001
7706
2526
8362
7116
-6553
-249
6119
2881
5457
1340
-639
-6641
-9589
-5708
-1725
-6180
-5455
-1492
-6475
1975
1161
8731
-722
5932
9286
5573
-5510
-1111
6432
-3350
-7323
-2948
2500
-5220
-2230
-5417
-6220
-9104
-7035
-6086
-9194
5387
5392
-8924
-7464
-7613
4714
-6217
1461
9155
-6311
-8826
7922
8245
-5114
9741
-264
9672
-5619
8863
-2187
6110
2187
-4780
-7967
-5559
-678
8883
8882
289
2656
-7116
9686
-1243
1700
6139
-1526
-899
3112
-2920
-8716
3062
-7837
118
4225
-3724
-3916
-6470
-2514
-7214
-4296
5809
-2135
9754
-4641
-5190
401
-3037
7251
7073
-2552
-7024
4328
-4961
2205
-1840
7087
-3291
-88
-1026
-9952
6225
-7663
3269
-9838
-9218
4362
-3003
-9619
-8218
8053
-3183
-5100
6813
8585
8574
6392
-4641
5076
-9683
-2120
9898
704
-3849
9603
8152
6865
253
6461
-4993
555
-8974
3188
-6615
-5716
-7510
-4939
7000
8321
6193
-1971
7948
-299
2758
-9337
3784
25
-7135
-5093
3294
2690
9077
8734
-9223
-6361
-4466
8421
-3357
2735
6894
-2306
-9734
7664
9022
-7678
-3771
4477
76
-9189
4824
810
-6143
4131
-6630
532
672
-6992
-9654
2417
6214
-6830
6570
-1699
-2471
5278
1100
-5086
3661
688
-6725
-3662
-4861
1516
636
4800
-1059
-1198
-4095
1402
2822
-8332
-4784
3661
3114
7281
8736
-5172
-4370
7836
-9155
-6216
80
-2072
-9708
-6976
-2982
-3126
-5114
-2988
5451
7330
-8802
-1691
-9516
2077
-536
-5472
9341
-4182
7971
-9438
-8223
-3360
8174
8577
6680
2355
-7592
-1587
-1683
7958
6913
-3493
2321
-6226
-7557
-4839
-9146
-1992
-3210
-6287
5113
4402
-5018
-2095
3906
7481
-721
-1976
-2087
-1786
-5215
9449
-2102
-2876
1137
5483
-7314
9959
8069
-4004
1492
-341
5112
130
-1844
-6397
6333
4485
2142
9745
5346
-8798
1361
-4258
-1316
-7858
350
-8375
8327
791
8400
-8977
9301
-4785
8416
7652
3379
4890
5203
-9135
7775
-1826
425
7738
4489
6601
3995
-196
-8480
-1944
9662
-4482
-3976
6148
-8610
4700
-3092
-2824
-1199
-4954
-4723
-9260
-2928
8182
-3006
1467
1049
3804
-1707
4428
8385
-5937
4797
3755
8575
-4115
2554
7028
-7781
3279
-300
-4044
-7343
-9847
6581
9644
4633
-5220
-2649
7440
-2220
-274
6595
-2294
-8945
8465
-1838
552
1294
-5134
6436
-5458
-7518
5801
-4126
-5857
3603
683
-9499
-9162
-9161
3983
1290
-2193
-1069
8022
6642
4223
-8473
-9230
1427
-2844
-4401
-2820
7132
-9320
-743
-6031
-2097
-8257
2464
-4833
7470
-7521
-5757
-1657
964
2257
-9232
8761
-9897
-7462
-3846
4489
8581
-414
-9708
-6264
-6672
-8744
3573
5138
-4311
3993
-4993
2317
-2623
-4895
5876
-8868
5767
8552
6779
-6602
-1349
-8588
4931
-8180
-71
4430
6336
-3791
7000
745
-6019
-9070
7443
-3200
-9016
5613
6993
-8402
7655
5261
3253
2461
9462
8973
-3534
9527
-7748
-4585
4825
74
7082
-459
9638
520
6681
-5388
4123
4228
7324
3479
7766
-6148
5884
8896
5410
3197
6071
3808
8943
-3331
-7915
8604
-1031
-9815
6572
6665
-5044
8437
9939
3024
638
-614
7627
9593
-2491
-690
-4072
4917
-2086
-7399
-7431
-3162
-6763
5470
-6628
-6203
1936
-6687
5865
9519
8930
-8270
-3460
7669
-7985
8406
-7726
4437
-4347
-2271
-8234
-615
1611
-1196
-1303
-2664
2260
4080
-8934
6986
5259
-1719
1645
8011
-1445
9345
1559
3276
-3456
-6609
8935
-4810
5173
-5238
-3728
-2702
6874
-5045
6067
741
7492
4585
5933
874
7154
-2592
4042
-3087
-4889
-4535
1170
7454
8492
-8468
-8960
-9649
8345
9186
8329
7899
98
4024
6191
5688
5505
-9991
1787
-3876
-1344
-8998
-6499
-3159
-5545
-1730
-1633
-3202
3158
-9427
640
4055
7367
-1222
-2913
9577
-3289
909
1186
9982
3679
-7642
-6523
-7398
-5859
6182
-8227
7095
4237
-3800
1892
3588
-3914
-7474
8450
-2136
1128
-6675
7803
7541
-3526
6219
-5152
2312
749
7096
1224
7673
8579
-8533
-954
-2695
-6754
8018
3875
6720
123
2305
1563
-7653
1732
-2923
2449
1651
648
8856
9710
-3410
-7838
-459
-9060
-4438
-2598
-8179
-4638
1408
-8805
9756
3195
2282
-1853
-7107
-3925
7201
-2355
4269
6297
-5753
-1875
9210
7514
-5367
1609
4226
4511
-2873
-8455
-2591
-5184
-3086
6052
-7193
-7236
3423
-3536
-2241
1541
-6449
-3629
-4650
-6829
-7761
-4518
-62
-3225
-5112
5583
3494
6703
2965
3324
-232
-7137
1672
-4993
-5878
-5123
-3695
-7931
5376
4638
9701
7640
4626
7057
-6974
-7585
-5914
-8777
-5312
3059
-818
2553
9921
458
-2334
5798
-985
-2688
-1074
1396
-4746
-1832
-7314
9161
-1183
-6157
4461
-8790
7351
4952
-8682
-5804
-6729
-3165
-6741
3859
-9425
6869
-7391
-7860
-3315
-9774
-1716
-8083
-9514
2959
1272
-6060
-6662
-7034
-3145
-5870
7656
7245
-6069
5823
-3901
-6261
-5371
-9595
8746
-5122
-3373
-1197
2159
7636
6170
8370
-4487
-8828
-5400
5210
7132
-2656
4286
9719
6334
-4052
-7227
6904
8866
-9086
9356
-1912
-7337
-8869
-7386
-8415
7681
7358
3057
2443
6443
447
-2279
-9377
6942
-8732
5817
-7513
7455
8353
-123
5319
-9346
3821
8248
-1125
4426
-6101
410
-2839
-5631
-2120
-2546
-698
863
-298
-8677
1409
762
-2772
6414
1821
-8596
7215
-9191
4371
-259
9165
2049
-8150
434
-4009
-9633
1518
-940
-7588
-7971
-4109
9229
5081
-9008
-6321
-5150
-4285
2915
1605
4128
-9655
5221
-1279
9454
1964
6707
-2242
-1156
-9006
-1978
-6038
-551
8534
9436
8706
-763
4915
8785
-2327
-502
8
-7045
-6735
7272
-1791
7546
1867
3901
-5449
5760
-5784
-2290
-3616
-3799
-6644
-6479
-7033
1573
1765
-1778
-1225
1841
-7822
4920
-905
-902
-6461
-2511
9580
-113
-3609
-1903
-3791
248
9607
8753
-9255
6372
-5473
-9197
-2814
4310
3579
7629
6898
-4005
2058
4833
-1028
-9434
-1306
-9833
-8296
4372
-4796
9908
505
1721
9041
2801
-9339
-451
9484
-1346
3303
-242
6828
-5548
4680
-3201
5484
8935
1588
-8126
2648
2801
-7047
971
9361
8833
3064
-1632
6329
-7451
-2138
-3389
8922
-7934
-4066
-6409
6035
-2651
-6210
8484
7187
-5829
8781
7743
8487
-3738
-9682
481
-6086
-7348
618
1147
-8560
3191
7526
-6117
9712
8656
4462
7963
1578
-5062
181
-6920
2313
-8235
2710
8736
1305
5426
9909
-5616
-4291
-6362
-6770
-3134
8780
391
-6725
-1172
5895
9293
-486
7597
-4496
-2050
7534
8353
-2463
555
-6055
-4438
3340
-1530
-1277
-4480
-6945
-4822
-2526
2118
9535
-1322
7416
-1479
9120
7824
6694
1486
-6040
-5293
-6783
2329
3432
8613
-6776
-7648
-1774
-25
5116
8512
-4821
-6910
-6569
4137
-3155
-6865
4858
3079
-1752
4031
850
-7257
491
-2844
9144
9364
3559
4711
7184
93
2988
-434
-3241
3602
-5044
-4824
6182
-8794
8483
6874
-5242
4996
-9054
2048
-6083
3901
2832
1658
-9922
-7344
6823
3683
-8341
6152
-4144
-6854
-1816
-2474
-517
3011
2432
-3387
-4335
4864
5635
-5331
9270
3555
-3755
815
3007
-8587
-8428
-6215
-6536
6498
-5898
4355
884
6139
7356
6906
-3941
-1622
6430
5998
4226
-6441
-2578
-9136
2637
1048
9131
7294
-7045
-9178
8403
9061
7180
-6376
-4666
-4028
-2926
9882
-8071
4566
-9580
-7159
-8679
7710
-7092
8140
8373
1341
1087
-3349
4372
-5941
-5459
-7354
8019
8214
-3215
5566
5549
7142
-5298
5723
1679
1050
2269
6022
7399
3349
-2803
-789
-2728
-2621
-5895
-7232
-9816
-9194
-9432
1198
2844
8374
-7984
9254
-5511
-5199
7303
7346
4239
-8916
1845
-5600
-7010
9087
3747
-9096
2351
4880
-5526
6716
2161
-124
-1858
7801
-9401
-4862
-1462
-9930
-3560
-8754
-7060
1957
-1798
-1130
3896
8202
-7280
-7391
5469
-9218
-3700
5285
-9590
-5284
6546
9111
-6623
-543
5097
-2504
-4955
-8497
-9651
-7803
1340
-8818
1537
7957
6442
-8942
-4893
-5146
-9163
3682
-6167
3058
-4084
-7809
-4963
-8481
-3918
1379
-4234
-7315
-5841
7878
9246
-1466
8203
-7196
5988
4775
-5942
-6888
-7234
-3335
286
-8041
-8216
-2230
6575
1809
9379
-1005
-7367
4463
-9901
-1935
-4791
-1121
-6477
-2478
8661
-3324
-9032
-9778
-1134
9358
-8355
-1902
290
9347
2198
-8337
5420
-4717
-1209
4741
-3054
640
-7637
1405
-2704
-6764
-7155
7213
-5836
-4656
1870
252
-2362
1467
7052
-6273
-3456
-4411
-1505
6786
-6289
1261
2952
1037
-6691
3346
1218
-5419
2530
5715
5040
6179
-7322
-5128
-7061
7082
7061
-7369
6875
-9488
-216
2235
9512
-4119
-4883
1139
-9762
-3825
5860
-6189
-7868
-3139
8476
-3675
-8573
2037
839
-1449
9010
6507
3818
9391
3817
-8243
-7240
-8021
-5989
8914
-5903
-1995
-4887
-2029
342
-1946
-4976
2994
-9601
-5188
-8420
5722
2676
8121
-1342
8511
-7511
9808
9067
-5172
6562
-4201
-227
2736
1693
1670
-3568
-9302
-3109
8233
-7846
-138
3542
5601
-5033
3893
100
-1879
-8163
-249
913
-5796
9250
-1612
7041
2919
9923
8798
3067
387
4912
768
6607
2321
1145
-9430
-9185
-5069
-3209
8076
7073
3442
6509
6195
6140
-1009
-8808
-8562
5092
-4807
-6942
-390
-7599
-614
1688
-6391
9517
-1040
-7683
417
5630
2879
9125
8992
6271
-5127
-9823
669
-1666
-139
-9025
-8497
3957
-6473
5088
-4921
8290
8803
2133
6976
8133
5043
5150
4850
-6533
-7592
-456
-7183
-4927
6702
4942
-3584
-8825
9154
1044
434
8987
-7233
-3932
-9341
782
4154
-5965
-5718
-7495
-2478
4114
-1342
-4414
-6101
-5069
1177
6511
7758
3537
-2834
-6468
-7853
4312
6818
-9457
3163
-828
-3842
6741
602
6165
-9962
9476
1820
-8742
-4557
-2173
8578
-7315
2972
5248
3340
-4199
-3226
-2456
9780
4351
-9040
-6337
-9524
-6709
-1228
-1700
-239
7947
-3662
1431
-3562
8369
7593
9414
1415
-4972
-955
8557
-2300
-5760
4695
776
-2645
3093
4017
-1772
-8795
-9915
2499
-2625
9702
485
-7040
-9327
-4810
-7822
1165
-3654
-3864
4235
-1532
-7326
-2176
-1549
-9431
9465
6664
-3501
5540
-2979
-27
5664
6924
-4027
5201
-7231
-526
-5146
1930
8344
-1584
7518
923
4121
1795
-8309
3361
-5068
5876
-7979
6125
-4073
3739
-282
-1570
3793
-6304
5888
1035
2986
9958
-7428
5592
-5048
-3833
-458
-9945
-2575
108
4962
8340
-2551
1058
1452
1131
9811
2149
4093
1724
9348
-3767
5442
2349
8366
3029
-9628
4807
3538
-2566
-2692
6297
6346
3023
-7254
9349
-5923
-4305
2029
-9401
-5133
-6099
-9553
2389
91
-1290
6503
-3036
-2253
-9785
526
5577
-7284
4222
-9584
-64
-1202
2498
-3295
-8982
8043
7158
8418
-8782
-9973
8216
260
1053
2289
-4945
9884
-9003
2421
-4619
8186
-1359
-5666
-8509
-4596
5750
8259
221
8036
-753
-4305
-8679
2054
-928
1513
8352
867
-8283
8707
-4828
-5382
1219
-1917
-9031
7948
2164
-9538
9540
-9010
-4162
-8463
7040
-2359
-3275
-204
6156
-6586
8202
4544
-7534
-2751
-5366
-9042
-6914
-5062
3639
5848
-7870
7473
-7001
9192
-1669
-7179
-6065
9085
-5444
8836
-5858
-3319
2176
-8063
9772
-724
-9133
-9077
-4445
-5521
8916
3003
-5559
8256
-8378
-903
1000
8918
7778
1788
-7843
-3010
6404
-4714
6003
-4249
4672
7346
-2837
1951
-5445
4874
-5407
-4195
1214
-7999
-7415
-8598
2973
2443
6886
-2551
-8305
9476
-6649
4302
-9117
8447
5086
5830
5619
9924
70
-5737
-5887
-3015
9718
-3269
4953
-7156
-9496
349
8277
684
7126
5813
-4200
6475
5180
-3921
-9910
6593
3293
548
3297
-4727
-5966
-6341
1799
-4964
-3177
-3995
-9343
-3123
-269
693
6824
-6849
-6651
2227
5643
1713
-5705
-9827
9390
2726
-7917
-233
4050
9891
-7443
-677
-3981
5306
7646
1040
4219
8284
843
1574
-1204
3497
1485
2584
-9783
5403
6959
496
-7495
-7948
4954
4662
-6787
-5549
3648
-7507
-4017
2461
7652
-5529
7277
-6871
-5782
-3563
7018
-3745
5443
7317
-2305
8829
1899
-8474
6359
6118
-2214
6723
-6499
6961
-7752
1718
6451
-413
3260
-1563
8087
972
5777
9926
-8601
-8593
2269
-9986
2348
-4801
-5687
-4424
-803
2128
-7763
-4983
-5024
5594
8109
-9915
4018
4772
-3445
4449
-9656
9839
9193
9063
-5910
-4833
-4769
-529
-3149
-2476
-7841
4307
-9544
-1583
2199
-7688
-2959
-9208
-1106
8407
-6817
9199
-562
6191
-9339
-2432
4171
-7551
-6206
4642
4738
8099
9719
-5528
-3301
8491
4147
-6684
7348
-5934
2072
-5538
4047
5421
9905
-1998
2037
8434
-8430
5172
-2197
-5027
-6648
-9859
-8633
6644
9848
8306
-943
-2927
-3529
9860
-7802
4623
4581
7018
7531
-2414
-7452
5
2561
-40
-1702
699
-2040
-5605
1367
-8855
-9019
-5425
6800
8693
-9704
-9891
9404
-5977
-1483
8837
5036
1594
9341
9674
4560
-663
-365
-7075
-3796
8832
2009
-8278
-3121
-2197
-8849
-3094
3171
-1556
-6302
-7611
6942
-7325
-1470
1923
-9168
6381
-6541
-3965
-3100
1335
3863
5087
930
-7072
2387
-755
2327
9504
-7182
1291
-8176
-1521
-3362
-6306
-5785
-6193
-5032
-5341
3056
2324
-7081
-2563
9934
-3371
-441
-1254
-2880
-8228
-8923
5409
2920
-8208
8187
7046
2413
2112
-1739
-3111
-7056
-9764
-9606
7856
2819
1863
2188
-1324
-8214
9086
-5
-6375
6536
-3343
17
-9734
-8463
-8325
8697
2591
3380
8733
3790
-2200
2976
1388
1749
4421
3728
3074
-9118
-1976
-7173
-3707
3953
-7689
-5694
3407
1733
293
8931
5063
-1934
-7866
9928
-2779
8184
4618
-3376
3128
1833
4368
-1932
6919
4296
-991
3578
-9839
-6072
-9647
7183
-4166
-2684
-4944
-9642
-9833
-1628
8972
-8277
9717
8919
5176
-6418
-6567
2344
-1827
7706
-475
-7263
-9507
-3352
-6571
8577
-9263
-272
2794
-8866
6951
4062
-4715
6100
-1238
-1078
4786
282
-2601
-4747
6784
-2653
4657
-8526
-6905
-9048
9894
2349
7418
3783
6650
7489
6471
4933
2685
-9310
-6903
6148
2738
-1008
726
-3149
8002
575
-5431
8079
-8793
-2924
-2437
-1490
7991
8315
-6465
5125
2129
-9543
-9500
-6148
-6889
-960
1630
356
-2318
-1055
-3936
-1362
-4733
-1496
5491
-7694
-2261
-9961
7395
-4452
6068
-5739
-1449
4712
2851
-8360
123
-3018
-8562
5571
9486
-3216
8901
1409
8361
3113
-5150
-9688
-2282
-8651
-1051
-7842
-7868
-8149
6518
169
-4782
-6520
1596
-7229
-1503
994
3789
-6958
-9341
-4533
-5325
5016
1349
9021
2564
2398
-23
-8473
-6936
3939
-3587
-9118
-4289
3007
-9369
-3612
-5535
6564
-3295
-7196
4225
-8137
-7331
3641
-7962
490
5525
-5011
4557
5984
1409
-3398
-8661
7961
-2494
3507
-5288
5589
-630
885
8366
-6899
-917
2560
-5286
-2278
-461
-4592
1440
6693
993
-5319
-4122
-3332
4574
-6254
-4925
7137
3319
-7803
5402
9895
-3413
-5223
3676
-4087
1275
6578
9853
-9541
-4116
-8388
5589
-9851
-4820
-6041
-5803
3026
-2466
-6940
5054
2646
-2711
4555
3462
-3053
912
2217
8240
-1113
232
-143
-7939
-3851
6887
-8768
9272
-2914
-4532
-9511
-7124
-3177
-594
-8682
7083
6944
5470
5156
4772
1091
6319
-2660
-6513
-8817
-2077
9801
-9977
-9555
-1678
-6884
4081
-575
8533
9404
-4591
1459
6688
5435
-4533
9796
-9500
6810
6732
7038
6906
8926
1928
7686
4827
-820
-3312
-5456
2591
-7438
543
8812
8134
-7242
-3068
-2521
9788
-7329
7573
-1015
8299
3580
3529
-5333
-435
-2838
4074
1107
-7969
-763
-8510
7842
-7490
-7174
6732
8851
-6953
-3510
5214
-5946
8446
-6781
-9296
6363
-5035
-6321
-6753
-5422
309
6085
-9114
-4256
-8070
7381
3529
-6347
6195
-9504
2463
-5352
3686
-6706
2833
-3923
-7374
-4855
8216
-1311
-8743
-4642
8923
-4903
-4471
1730
7752
7894
-7579
1727
5619
3068
8075
6344
4733
-7345
3331
5489
-749
-6635
3107
8123
-7214
9020
7045
6246
9503
5550
-7399
5380
-5460
-3336
1802
-9063
-4453
-6489
-2950
-7354
-7209
6253
3352
-9416
5067
-2959
8821
-2896
-1019
-4384
-5204
-3663
4603
-9701
-4815
2325
7784
-9549
2106
8806
-5895
-9994
9329
-626
5664
-1774
1553
1568
-1741
597
-3819
-7648
5299
-4012
4643
-1152
-6418
-9029
-811
-6261
-7438
-2426
-1384
-3659
-3264
-3636
-2028
4136
3373
5187
3110
993
-5647
-547
-8850
-9082
-2446
6435
7993
-8792
-3552
6434
-5774
-2928
958
-8466
2963
8854
-6780
3777
-8172
-8476
6169
-8192
240
5266
-6515
-7775
8230
1408
-1278
-8552
-2814
125
7688
-6942
-6983
-6172
3833
6253
1214
-5734
7856
2182
9544
-339
-9965
3350
6309
-6239
6059
-9632
7223
1301
4830
-8900
6088
-7625
-7825
-2270
8828
4038
-1109
6573
-3711
7870
-3991
-2028
-8374
-504
9074
6515
2104
-5775
-3576
3558
272
6256
-1726
-4782
-2349
5577
615
-249
-2811
-4219
-9108
-8030
-9883
4914
353
-5576
5189
6631
261
6222
-4893
-6279
-4747
2066
-6501
7793
-7363
-5780
-9093
-8225
5647
-9756
-8090
8323
-4457
-8400
4471
-1825
9301
4563
8397
-4405
6713
-399
5759
1492
4025
-7221
5729
-7479
9096
2662
5307
-1889
-2658
-3553
-9192
-3286
-8548
3865
-5404
2120
-8587
5629
5016
2901
-5547
-6263
7113
1488
-7008
2205
-5444
-5256
6155
3162
-2876
-4510
-1673
3374
2736
-9105
-9190
-9991
7009
-8076
2725
3530
-7791
-8709
7316
-5913
-4860
-1600
4796
-8753
7704
-1628
8828
-7533
-774
2588
6364
-6325
-10
-9152
-4425
-1415
-5186
7382
-6461
-9858
-2789
2234
4724
6337
-7369
834
1544
6541
-7438
5133
-5806
-4641
-4918
-2170
-6949
-9342
190
2246
-2857
-5783
-2029
-3207
2454
7712
-5032
4569
-4802
-3651
4445
5785
-7199
4069
9684
7214
1895
6000
390
2109
6117
-1756
9133
-1303
-3147
-8375
-4813
-1026
2484
-112
-1853
-8630
879
-5303
-2401
-2323
5908
-5228
-8815
-6146
-3001
-7847
8039
-616
3217
7480
135
9513
7152
-7184
-1388
30
271
7141
3412
-511
-3450
-4233
1656
-707
-9323
1409
8598
-109
2544
-9555
-7780
-6758
7552
-5730
5997
3759
-1903
1029
6998
7463
9196
8098
-2145
-3989
4631
226
-9128
247
-1629
-211
-3401
1951
-4296
-6704
-3762
-899
-1385
-4688
8576
-8461
7853
9617
-5420
3315
-6952
-3106
-8982
5420
471
4660
5185
5946
-3989
-1638
5394
3681
2218
5307
-1278
-4214
9574
-4102
480
5869
1271
6447
-845
-5435
-1138
5943
-168
3072
-4334
-4205
-4556
8184
-7296
-455
8520
-8722
-6911
-6036
-6656
8354
4332
4647
8742
9865
3250
-4626
-185
7406
9364
5148
9391
1099
-4427
8698
-4017
-4704
5054
7828
3074
2376
-1707
2504
8539
-2022
6477
-81
6845
-6980
-9318
-7543
-7111
-3538
4470
-3618
6080
-1384
-5131
3387
2119
-4976
-7238
-8334
-4513
-6976
8578
-9269
-53
988
2357
4130
-6424
-7941
3748
1917
8759
3274
257
5884
1918
8620
4019
-8261
1560
-5273
8742
2882
7744
-5460
9551
-747
1750
8237
2263
6119
-1693
1510
2572
-6506
7298
-447
6301
672
3676
4994
-2431
-6602
-1699
-5226
7716
-4587
3395
9067
-8551
-8321
9769
3204
6463
-2782
7717
-5753
-6207
6618
1789
9861
-326
-7238
-8769
7275
101
3333
-1305
-7378
2219
4073
-787
-8743
4682
-7108
8957
-4578
-3378
1388
-4684
5475
-1292
-6036
-8655
-6820
-3903
6758
-5216
-5539
-1670
5736
-4956
-4963
6343
3101
-308
9607
-9525
-5017
-1851
7735
3583
-4964
-5823
2092
8355
8875
-429
4247
-1811
-7415
837
7374
-3927
-1731
-7792
-6263
1013
-7641
-7300
1819
2495
-4155
2840
3945
9312
3743
158
-5832
27
2531
-7934
-9162
-6271
-7635
2374
-1079
3221
-6414
4996
-7480
9216
-4522
4962
7770
6945
-996
-6865
1086
-3474
-7380
-9996
4039
9003
-2235
9377
-1690
-9399
-5682
-6665
-1696
-3762
-4191
-163
-552
8008
-8674
3460
9368
990
-9880
1035
4903
4240
7275
6402
-5606
-3710
4607
-762
-5092
1375
-1754
3498
-3295
-2877
-2147
-3597
-3495
-3915
-549
4015
929
3038
985
5003
-9289
2422
4862
-5130
-1756
-2438
-174
-9271
482
-143
6867
1326
3563
7126
1709
-7799
-7574
-2017
723
3582
-6939
-9452
2192
-9370
3453
-9168
8730
-2309
8091
-7780
-7084
-3030
1297
-27
1321
-5742
-608
-3861
-2600
-1424
8538
-6364
-7177
304
-1541
-4504
677
6057
7981
-9931
8409
-6884
5350
9194
-8933
2840
-6450
6147
-3138
-3550
-7573
7728
-729
9638
-9248
7744
2334
-9195
4569
6047
-2912
5206
7671
-8815
8074
6746
-797
7038
4131
688
3048
-2105
-9159
-1194
3600
8086
5321
2868
8967
1537
-5603
823
1993
-9628
-8915
-2552
-2326
4654
-6328
5081
-926
957
-969
-8998
8201
1097
-165
4484
941
-6796
-6366
-2088
-7985
9271
824
2976
8215
-2759
6883
5563
3707
-2099
4249
1371
-2270
-2563
-7506
-8263
8345
-7306
-3639
-5486
5812
9568
8969
-4207
-8803
-2168
-5824
5932
2057
7148
5407
-144
9362
-7406
-8260
-2943
-765
-7807
7963
2109
-868
-4762
9980
-3481
7624
-3650
-3985
-9202
-4863
8135
-4323
7715
-1828
-8016
-9276
-4239
9569
-2079
-3517
8103
7306
-5310
-7618
-4805
-4905
-4064
1617
-6381
-6070
5576
-6150
4400
-8733
0
-7009
7230
-538
4008
-2434
-558
8742
-5661
-9656
5673
-8491
2224
-708
3369
-2783
-3033
-1430
6468
7113
-7433
-767
2108
2812
-1952
-7048
2474
-4525
2289
-9776
-480
-3847
-7818
-6381
309
-4163
9778
-2771
5835
9615
3341
9770
3961
4240
-8495
-2784
3465
-7543
-1158
4307
-8331
9033
-6398
-1102
-5181
9090
-1299
-3380
7574
2235
6888
-234
6174
3300
5334
1336
6818
7471
2420
3252
-3624
1506
-4405
9610
-152
-2747
7460
980
-6000
-1872
-1158
-8329
4293
-8309
2398
6281
9924
-7961
-5283
-9892
-4206
-9497
155
7205
1421
9616
6372
-5781
-8498
2939
814
8177
-3902
-399
-6203
1047
4845
-2178
5048
6901
1224
-9506
-3328
-8471
4680
2732
7348
-7048
4486
-1295
3203
8945
6103
-2574
5962
-4274
-6719
7922
-8016
3205
-5601
-6702
692
4530
2538
-7698
6321
2120
-2580
-8801
4072
8398
-8537
-9887
-6178
-6655
5966
8268
6633
-8133
1609
6806
6589
-3167
-7616
-1967
-3137
-5541
1378
2283
4150
-294
7142
-5863
-8937
-6974
-5240
-310
-2161
7027
-5923
960
2759
-6118
882
9744
2428
2940
7691
9073
-7170
6264
-7941
6225
-670
-6753
-9588
7180
1566
-6573
-1877
-6188
-1437
-4233
6227
6034
-3912
-1359
8818
-4427
-3265
2464
6398
-4305
6401
-696
3021
2105
9121
9209
-1959
-4246
-63
-1043
-460
2423
-7430
6317
5499
-6432
768
-4264
-246
4591
-8788
-2957
1679
5949
-2741
-5984
9067
-9344
7074
-693
5065
360
-2684
-8022
-4322
6587
2247
8313
-5937
3210
-3641
6842
6644
2345
664
-8682
7574
-5949
6320
8418
-1142
5959
4021
-9720
-9999
5213
854
9011
-855
-2823
-1484
3688
-4299
8116
7436
4661
-1490
4363
8027
8578
7177
-1006
1392
2965
9
-8206
6165
-7899
-2891
-2658
-8920
4026
-7866
5587
4061
1311
-6771
-9762
-2715
-8643
3231
-1281
1712
3125
-1082
2461
2974
-545
-551
-3469
-983
2252
-5850
4734
8361
4381
6827
22
-2152
7123
-2118
-4430
740
-6865
-7696
1483
4954
2696
-2475
-1598
-1876
1286
6251
-5637
-9657
-7671
-8816
498
2962
-8852
-7928
277
4307
-1155
8390
6083
7741
-649
744
2094
-3094
9245
3091
1057
-2128
2583
1872
-372
5321
-3048
-8760
3181
-4628
183
7719
-9977
503
-9464
4025
4616
8715
9684
9581
9750
-6513
618
4451
-5606
-3954
-1503
-1591
-6767
-9714
2976
-9133
4051
578
6572
-2159
-383
-9065
9638
-7456
3068
74
1978
-3342
363
6885
925
9290
7143
-1646
-2970
-7556
6411
6733
-870
-254
-5648
7492
-1648
2834
-4251
1869
-7946
9554
-9637
-2922
-5460
-9053
-7230
5041
4455
-7260
9892
1958
-3525
-7274
2505
-3673
-9703
-1901
3205
1269
2045
-562
7346
-6011
7525
-9866
6973
760
7790
3416
-6356
-2110
1649
3492
9422
-1226
9019
4702
-2961
-366
2631
-5467
4290
8218
2010
-1337
5356
6244
-2644
7216
-4511
8450
9663
8631
5872
-9212
-8122
9173
3504
-5999
-4013
5602
-1032
-2471
-9075
277
7261
-5700
-8556
7880
-5478
7795
-1660
-2819
-6527
-6848
1022
5421
-1228
8065
9981
-8948
-3698
-8959
1570
7818
-5704
-3855
2829
-2106
-5536
4761
-8330
-4509
-8111
-8790
62
3534
-1809
-801
8894
-5559
6696
-5752
6335
-2314
4342
-8138
-3599
6129
1314
-1828
-7353
2075
4488
-4580
7907
9094
3140
1153
2557
7076
-9281
-5736
-6711
5186
-1126
6992
-9013
185
-1479
-163
6945
5928
-3693
4741
-7051
7877
4314
-7040
6531
6223
-5826
-5461
8431
-8123
8929
-3086
-2204
-8462
4826
-6930
-1054
1503
-5562
-4819
-7541
6059
-1919
-1969
-8184
-3853
2736
-6872
-5546
-5073
4961
283
4089
-2449
-8300
-2746
-8925
-7721
6424
8075
8707
-2798
2878
-4352
1846
7563
3825
7760
5714
-4184
7598
4181
-8961
4323
-9257
-8990
8155
-152
2665
4072
-9386
7308
7667
-6901
-7343
3989
-3014
8977
5573
-3801
4298
-2169
-410
-6592
-3435
6267
7196
565
7238
3030
2299
5849
1254
8501
-9104
8424
-708
-2161
-666
-9908
8986
-5536
2653
-7655
8802
-1867
2886
6996
9300
-8581
-7547
1227
-7015
3812
-2997
9944
3577
-2195
-4387
7924
3919
-1421
-1564
-3015
7218
-7504
-6268
2765
9424
5075
-953
-4953
-2945
-6173
9871
5742
4186
6555
-7886
-2453
-1186
9089
2755
-5303
9484
-7884
2505
5466
-6994
-285
1492
-8795
4524
-1904
-1340
4287
-3821
1285
-1229
6624
-6997
964
-5118
1511
-2065
-9451
-5019
5541
3822
4274
9445
7141
9725
-1670
5085
2923
-3413
-6139
-3317
9255
-3496
4689
-9151
5430
4157
1567
5864
-7428
4945
9587
-5230
-133
837
-9189
-7534
3460
-3847
8806
7217
5815
-837
8308
-9552
9413
-7036
519
-5562
3303
6171
-1046
7118
821
-100
-4140
5177
8402
-7691
7068
-6100
269
6109
9456
-2304
5766
5240
-7876
6911
-5880
-2172
7950
-3294
6473
6893
-8212
1011
7876
7311
-2531
2910
6713
652
-8056
4600
4239
-3151
-9056
-5975
-223
-7161
-9243
7861
-3028
-5617
-2647
-5396
-8821
-1219
-646
2847
-7276
267
-6365
8766
1587
-8816
3122
7181
-6692
9569
-1027
-5339
-2458
-2390
-2082
618
-7670
-4819
2634
2962
7000
-6445
-5835
-9921
6048
5078
1483
-6654
-3294
3478
-5753
7151
-5026
4940
810
7770
-826
-7342
-8790
-3500
5132
6834
7164
-4877
-631
-9953
7615
5845
3898
8589
3873
-3960
5935
-6327
6882
-94
3713
3493
8444
-223
5235
62
465
-3531
-9866
-1193
-6406
-1621
3314
-103
-3635
-545
344
7198
8640
5500
6412
7607
588
2857
-6034
6079
2397
2168
-5617
-3352
-8820
4288
1451
-3248
-3513
2588
-9923
-8708
7123
-2647
83
7200
5776
-1002
6000
3594
-9483
5772
9922
-1166
-5769
-6059
9908
-2274
-3169
3606
-160
2533
6612
-3594
-4732
-9544
1120
2117
7673
-4674
-1217
-8197
496
7947
5089
7100
-8431
9460
7880
-9833
-5171
658
-7585
-2995
-627
-8705
-7230
7936
-8025
105
85
3364
-2862
-6394
3437
-129
-7447
2341
6053
-7126
8413
-3571
3620
2655
-891
9473
-1395
-9035
-6888
309
-3618
-5352
-6130
-1643
949
6530
-5047
-34
-9502
-8064
9535
4111
-9617
3418
7132
165
3805
-752
-4096
-2055
-5277
2722
-6272
3168
-2410
-6049
-7316
-2477
-2847
3307
-7808
-6820
-9565
-8822
-2614
2124
-9611
2138
9836
1259
-3088
-6025
-5066
-6308
-253
-7165
3826
-818
-5158
-983
-8830
-7258
-3703
-9403
-5335
224
4449
-1228
-5125
9378
1066
-6614
1745
-6337
-3582
-1166
8181
-5818
-2144
-7162
-9973
-7638
7403
-65
4591
8346
-110
-1442
-9373
7700
-6225
511
1043
-9816
454
6109
2916
-69
8452
6185
6358
-9585
7309
4351
-5582
5827
-9124
7411
-9549
-2044
-2338
-9060
-1059
-336
7455
-613
-1048
9537
-6689
-3490
4298
-9190
-3692
-9940
-9639
-2414
922
2476
2039
-4842
3952
7673
-6076
5041
8947
-2845
-1842
-8851
3854
-6509
-5175
28
-7710
-7978
-3153
-9196
-7331
4756
-4580
-3293
-9302
-9291
-5160
-614
-2834
7621
-7064
-8326
6520
-6171
3947
-6301
8982
-6667
9915
-6436
9272
1258
4343
-5928
3310
-4215
-9205
-6542
-5442
1791
-387
5895
1478
6957
9651
8750
-2204
-7568
9749
-4660
-8554
-6392
520
4702
3055
4060
-3543
9696
9457
2617
-7154
4888
2257
4025
-3141
-3908
-898
-2651
3088
-8763
7653
-8267
4452
1467
9863
-4826
-7407
3211
-438
-463
2011
7449
-9334
7596
2686
-6244
9441
-2049
3903
6564
4080
7944
4174
3773
-1892
-1314
-9630
-4057
-853
968
-2011
8969
7066
-7963
5176
-1299
9279
7462
-8554
-9808
1888
6746
5123
-5852
2978
-2410
10
7694
3565
-7826
-2710
4938
-5251
3955
-8235
7950
-6715
-5465
1475
-5903
-4496
-3108
-3995
-848
-96
-9664
3034
-6479
1803
-1774
-40
-6509
3391
-9728
2489
-5034
-9940
4193
9301
5660
-1828
-5521
4051
-2464
8557
-6686
-7835
-2365
-5995
4919
5609
231
-6046
4032
-781
5627
4015
-920
5582
-9195
2961
7066
-6165
1429
-2269
-1178
5927
4493
2573
-1609
171
5959
-9221
7300
2038
-3569
7307
-9359
-5901
-1346
-4483
-9520
-3644
-2987
7450
-6129
7906
-165
7686
-5871
6398
392
4036
3450
-955
2661
850
2613
-325
-6243
-7325
609
1367
-5044
-3420
-8648
558
-1961
-9692
2045
8069
-9557
-3677
8460
-980
7999
-3554
-3303
-8379
-454
3905
6306
-6442
-2049
4175
5090
-9182
2714
1395
-2060
1638
6460
6185
8463
4816
7253
795
9058
3060
9368
-6548
3745
2241
2533
-6543
-7771
9432
-4119
-3320
-3391
-2524
-8315
-6406
-5875
-7532
-5777
-6261
-9448
-9464
-2507
3392
7253
-4947
5353
3716
-7235
-2923
7383
2066
9806
138
7111
9807
-7903
-2511
2999
-1516
-9366
4769
9981
6882
-5616
-9245
-1101
-5858
-9909
-759
7872
-7319
2996
-2241
-9588
-7818
-1688
-4768
-7646
3834
470
-5256
9351
5428
-4936
-4997
9189
-6382
7808
9369
1462
-7216
3328
-5644
9662
3445
-6425
5410
6272
-8227
-2742
8675
2017
-5201
-4257
7972
7917
-277
-7548
4648
6415
7012
1315
-1544
-4093
-1907
-9420
78
1969
-1830
1354
-4256
326
-2233
-9891
-5210
2282
-9343
2917
8629
-1850
7985
-7481
-4145
-8738
8965
1941
9615
-2201
-6291
-5777
6463
3511
597
-6116
-9520
-3737
-7404
6153
6236
779
1209
-1803
6559
-6558
6054
-3277
-8857
-45
-4560
-158
-6230
-6337
-1624
1344
5002
9088
1968
-9323
8332
7095
9704
-6479
-8413
-4616
-5633
-6988
1189
7918
5201
-3838
-5341
-8932
1444
-8953
-6127
-6248
-4626
-5286
-6933
7495
4650
-6818
5759
3472
711
-8467
-5113
-5236
5441
-7778
685
260
-4170
363
-6966
339
-1269
8758
7697
5108
8467
-5929
2992
3521
2695
3362
-9768
-9051
-4520
-4514
-1797
-2452
-1904
-6085
-7172
6238
-1908
-9045
-7459
-9795
-2250
7208
201
-4870
-327
-2768
-772
-1981
751
8822
-1574
-5967
-6389
2069
-3894
1544
891
-5926
-8862
-7900
3422
7644
-9638
-1694
1630
-2437
2894
349
-8169
-9076
-4658
1089
-2230
-4830
3926
2168
-126
-2311
-9972
5048
-6781
-9244
-9818
-6289
-4934
2180
-1818
8003
8520
-5635
1296
8256
5075
-3198
5005
-8134
-2048
1615
-6715
-9376
-3278
-8276
8863
-4261
-2236
5708
-2369
5691
-9105
8163
-1063
2398
-7164
7407
-9369
6005
6848
8632
-4811
3089
7312
-5582
1522
-1784
2029
-8490
9942
-6752
-2416
3021
-394
-1861
-1222
1082
-9406
-9521
2051
-4045
3654
234
-3497
2597
9451
7046
-5853
-9124
1980
-5519
1544
-2517
6787
8407
2197
-7936
5797
-9784
4094
-3445
-7691
6249
1853
7760
1316
-4100
-6094
-2720
-8948
6075
-6633
3450
9374
-9338
-6424
4160
-3768
-7742
-3149
-3239
9726
3368
1461
4252
7098
5704
4452
9899
-3905
-6481
-5417
8651
-1850
-477
-5178
-749
-7251
1159
2914
7796
9416
7410
-2359
2559
9206
4016
709
4875
-8226
3284
9274
-7015
6421
4837
7252
-3192
-4732
-3195
-6601
1878
2885
6895
4021
297
-757
6829
6386
2832
-9
-9323
1416
6576
-5200
-6003
-9980
-9657
-8778
-7708
-496
1864
3791
1209
6565
-6123
-8121
9973
9348
-721
8416
-4234
-1775
-9890
-4069
7428
-3642
-4555
4972
-5151
-3145
9667
3711
-7088
3040
-9479
-8112
-3709
-1743
9345
-2651
3607
-1352
6750
-8093
8644
-5690
9899
9239
-9989
-5763
488
-2400
-9484
-3171
7507
3464
9053
5231
-4177
2155
-4493
-9106
7238
-3097
3629
7965
6899
-1863
-3458
-6738
-6252
-8995
4521
-2940
-5260
4389
992
-572
9304
-4940
8982
6102
5638
-3272
4453
5452
3182
-1950
877
-4091
-7983
-7662
-6570
4534
3483
7699
2569
-8996
3961
-8779
2979
-1475
8411
-1548
3070
-5391
9427
-901
-1413
-7680
-4779
-6144
7101
6998
-2151
1756
-5918
5510
9191
-4714
-5914
-268
1410
-5806
8764
8605
126
9674
-8902
-9985
-751
8253
-5593
-6418
-4398
6887
9415
271
5808
5497
9061
999
241
7487
-7572
5842
-25
-6921
-9314
-1956
-1185
-9614
-832
2302
9288
-7641
-2414
2046
5330
1364
-8664
871
9041
4778
-7720
9125
9704
-4014
2342
4129
-4562
2092
-1163
-3010
3491
2745
-6794
5869
5153
-7707
-4325
2549
-8813
700
7086
5750
-3735
-6849
-9444
2411
1579
166
-1691
-1264
2913
-5031
-1522
9997
-4593
3656
6885
-8036
5958
-3357
-493
8037
3628
7510
-2767
-433
-4235
-2339
-7963
3689
9811
9393
8178
-7140
4447
-3030
8649
-5398
-1935
370
4589
-1856
6334
3683
-9904
-1882
1344
9815
9908
7432
4814
6964
-2214
-5454
-7587
1842
-7193
7922
9403
2944
-954
-6897
-8124
-2385
3975
223
1383
4738
3536
-5560
-881
-8412
9199
-2735
6512
-3088
-2562
3340
8099
-6575
3563
5462
8073
-2722
-9027
3354
5060
-1839
-9391
3987
-685
7897
2215
-7493
-5219
-1432
3993
-6691
-4864
-968
-4387
5925
8967
3450
1429
-2532
-4537
5353
-7725
6987
-2859
-4026
6432
2170
8490
-7567
9398
-3165
-1391
-5065
-65
28
-6776
-387
-8670
5436
2853
-5379
-1707
-2346
9354
9838
-5140
-9818
7746
-3623
-6318
7074
6361
-2511
9963
-9097
7649
8085
-1709
3833
7243
2080
9169
4868
607
-2828
7167
330
4653
4176
-7377
-6704
-7148
-8544
849
2072
1083
3915
-5222
7140
-4017
573
-8623
-5298
-8417
8364
-4175
-9097
6368
-6804
8272
-7914
-6901
7428
6092
-7254
3327
-6784
-3257
-4234
3924
3729
-19
-6954
1342
-4789
4366
1876
-1589
8620
4959
9896
299
7923
9553
-2528
-1132
2018
5087
3606
-1437
3258
-696
2016
8574
-4088
5039
-170
-217
7154
-544
-7089
4698
-9799
-3307
3076
-9859
-4750
-6503
-7641
-7870
-4346
-4401
-2691
5479
-4054
-1047
8996
4405
1378
-2736
523
-6957
8234
-6531
5206
9844
1855
5309
8770
-6326
898
-1022
1887
-3175
9405
-5394
6602
-529
-9524
-1517
8633
-5513
-2832
-6503
5516
-6208
-2133
-2394
-7848
-6374
-7663
-6377
-354
3498
7326
8729
4958
1426
-5803
-1597
4800
2685
6336
9244
6835
4819
3297
-9761
2256
-3427
9562
-6207
4092
-9160
7071
-7690
-2574
6369
6409
6666
3612
-6277
-7098
-812
6261
-7492
5113
6647
-7796
-9503
-4039
9697
-7510
9223
-9756
9122
8892
8331
6707
9059
167
-8731
5916
4793
5066
7098
-2162
6277
-1109
-6755
-4429
-5200
-2131
7807
8068
5955
7875
608
7708
-2896
-9192
-3804
4835
-8248
-9502
-6608
1056
-9554
9990
9722
8019
-5802
6797
8877
6971
-3106
7516
3395
8477
-4415
-7730
826
9035
2101
-4736
8705
-822
5249
3475
3930
-6682
-50
2896
965
6471
7145
9292
4110
-2609
-2924
-1369
-7069
543
7338
-5580
7906
252
-3955
3881
6998
2984
-3498
4352
3205
3684
6061
527
-9295
2791
-4909
1104
-5319
-4844
-9384
-6300
8497
6533
-2458
7702
-8704
5222
-7107
1374
5646
-2197
3522
5973
-9891
2915
2698
2223
-6507
-7400
4300
-4737
-6547
-1192
9507
-9154
5133
-9948
4677
3924
-7489
-6561
4035
6687
2036
6002
6838
-9860
-8888
1604
2069
-4250
-6775
-2171
9516
-1802
4892
4572
6161
2767
1484
4036
-5978
7869
9429
-4976
-7908
3825
3288
-9549
1007
4375
6898
761
-9789
9694
1642
-7895
-5120
3669
-4235
-4745
5442
4457
3356
-3472
4447
-9199
8242
-3097
-403
-4972
9987
-6740
3689
-569
-1331
2996
-9833
8896
9320
-140
-5597
787
9154
9708
-2411
-2687
7993
332
-1425
5987
-9988
4461
-8486
6854
8271
-5683
405
6487
-6174
-1752
-9265
-1734
-5181
-3667
2425
54
8613
5625
-3988
8156
-8295
-3947
-3236
9143
3185
4652
-5753
-2228
-5899
-5709
-3154
-4191
-6032
-7987
-4575
-8576
4598
-3875
-9518
4442
-1929
-1587
-7900
8190
-9371
5861
5045
424
-6871
5
-6369
1590
4519
6618
8913
-4803
4225
-7576
-7093
-1745
7992
7873
-3017
4792
9005
3171
-2415
-4383
6424
-3276
2758
-1451
7261
5733
-6705
6532
1883
5755
-2345
-5591
-6094
-8308
-1299
5079
-8407
-4024
7999
1800
8573
6520
-3472
7554
2390
-5932
-1052
-1152
-2060
6166
5
1215
-5915
-4875
4588
7776
-6381
1146
-8078
-3359
5168
4490
-1295
370
8642
-4665
-4407
-4270
-6573
5399
-7956
-482
-9769
-6806
-3783
-9530
6652
8732
1644
8862
7596
9579
6001
-2602
-5036
-4653
-1131
-7609
-5739
1632
-4157
-8394
9754
8304
194
-4936
-2639
1756
5315
-5592
-9781
4575
4791
-1543
1617
3553
5721
7200
7593
4909
-6545
5789
-4825
-9105
3553
9148
-2815
-4425
921
-7912
-4256
-553
-4317
-6485
-2710
-7280
-9426
-5488
-6230
5557
-3531
-1451
5046
6326
-4156
1410
9609
4240
-851
-6192
1641
-8086
7362
-6760
3780
3715
-5925
2938
-147
9304
-8752
-9971
-6360
-9765
197
6719
460
8443
-5067
-2308
8041
-1822
-1639
-4408
3149
-7856
-950
8596
-5034
-9988
7575
6318
9747
1535
2984
-8925
-2585
-4396
4453
2569
5116
7058
-4700
5975
-9168
-1118
-2600
-9035
-972
-1002
1054
1105
-6386
5907
-5325
1326
-173
-821
5707
9553
2950
8025
2089
-9298
-4079
4636
-7774
-1362
-656
2325
7938
1464
9674
5762
7375
-6658
3119
1766
4271
2746
2339
-5732
-3510
-638
2411
9633
7903
-5415
564
-9319
4769
2406
-48
-751
3381
-2178
-2794
-8802
2947
2346
-1769
-5419
4632
5899
-7601
2548
-3787
2727
-7475
9225
-7047
-7704
7607
1432
3373
-9931
5156
-9578
3865
2548
6743
-847
-4102
-8514
-4433
-5819
4437
4756
2120
-3843
4957
-7662
5739
-2697
6731
2772
8527
6008
4197
-360
-5700
-4562
9432
4383
-1703
-7896
8661
1169
-6836
-8852
-6501
-4096
6609
-5105
4790
4448
-833
-893
-4925
4161
-9326
1416
-8434
-691
7998
1628
9052
2412
9465
9916
-458
-9889
-4783
2831
5854
-6744
-7562
-6228
1609
6744
-5769
-2226
-7143
-3312
-3445
7665
-5363
-6911
-2216
-4420
-8333
9766
9256
-2277
4198
9887
8385
-8356
525
210
7611
4121
-3651
1520
-2552
9089
1018
5995
6788
9395
9192
5011
-2416
-9755
8918
9815
9622
4033
-1475
-8993
5279
7571
-914
-2819
-8416
-5259
-9915
-6478
-6181
-3857
-946
3855
4029
3003
-4677
-6322
-2781
2537
9871
-4265
1662
709
-1420
-6525
5596
8635
6700
5533
-4914
-5783
-9942
7888
6841
-1077
-3844
1990
3314
5030
9808
-8216
8828
-7372
6791
-9640
1667
6797
4360
-2440
7164
1348
7237
-6262
-4306
-8066
-8289
6693
1405
-8152
2358
-6080
4360
-6326
-5412
6557
-9661
-6611
5792
-3836
2931
-8401
-3747
-3412
-1764
-3609
-2391
-4026
-6703
9179
-8759
6753
-9554
5748
1163
-2021
7748
-4154
-5406
-5693
1201
4575
-8409
-535
2915
4776
-1260
9382
-2441
8223
4641
-6877
526
5734
3284
7678
3405
-1719
-8456
241
4642
-9992
-6574
3189
5214
6115
-9224
5945
2557
9583
-6606
-5307
-6312
-3689
-9129
-1379
4591
-4797
-5466
5536
5259
8271
-2283
-1169
4490
-5874
1727
1910
718
-4748
2258
-2216
3044
-2404
-8066
-4252
-9131
-4386
5002
7149
-7419
-5921
9033
311
525
-9314
-6791
-325
5589
8595
-3797
9485
6631
-7830
-3600
8587
8042
8544
-1314
-6661
-5612
-9546
4337
640
7280
-6631
6081
3232
-2212
-7104
462
-2433
870
6029
1449
-2921
-2839
-3518
-2725
-6402
-3921
5200
-1840
37
-4165
-3135
4759
8182
-7748
8077
3153
-483
2891
-5751
6607
-1563
6903
4647
-5977
3551
1872
-5448
3743
8093
3586
-6244
5101
-73
-2750
6776
-1532
4202
-4266
-1136
7334
1579
-2152
2675
3220
5330
1791
5297
870
4277
7979
716
2801
8296
-5552
-958
-4303
-6313
9409
4802
-8913
8627
2001
-7371
9414
6875
-2394
119
-2506
-971
6163
-5487
5691
-2817
-8667
1042
9892
-1731
5782
-5000
7001
4333
-8001
-3938
-7782
8583
5181
7233
2398
-9921
-4311
-9867
-9399
-4093
-6514
-4207
-5629
-1517
4045
-8608
1874
671
-4435
9709
-2019
5510
7918
4050
593
7612
-8178
201
8559
8201
-7920
-1318
3919
8265
3440
-118
6007
1800
4027
-417
-3465
5591
-1280
3103
-4494
-9642
8748
8427
-4139
9344
-7906
2426
7020
-6261
4151
4039
-9563
634
38
9497
-6108
6021
-3754
-7934
924
-8493
6732
4287
1133
-6408
-5241
2213
-2413
1987
-3071
-226
3463
-8569
-4768
4735
-7451
-4431
3778
-4465
2455
7175
-5763
3742
-6356
6903
6534
8294
3442
-2059
-3246
1984
3037
7820
379
-5470
7168
-9815
-8550
-4731
-7284
-8754
-8766
-7915
6951
-8805
-8964
-8190
2407
9364
-6224
-7056
3439
554
-1857
1701
-4515
-5730
5560
-4953
-1537
-6062
7638
-9897
6902
4082
-7991
-1458
-1434
2975
-1994
5959
1952
4431
-8576
7839
8031
9645
9099
-5948
-3485
5713
-1102
344
-1062
-6746
2944
773
-4309
8801
-5473
3610
-9571
-2718
9281
-4591
7122
9247
1943
7802
3154
-7101
-5732
-5875
1767
-9602
2055
3347
4247
-5449
-8943
3542
9699
5803
-6200
-7685
729
8248
5632
162
-674
-2819
-2425
7580
1131
7679
9862
9481
-46
7589
-5528
5531
9772
-5792
-8261
-6846
-2770
7841
-3375
6487
-1670
-9509
-750
-1970
8475
-4603
-5582
-963
-159
862
834
-421
7274
2504
7603
-6899
-7116
2708
1297
-1182
-2853
-6992
6868
5412
-9893
-5323
-6289
-7437
-6697
107
6528
-6757
-5577
-2661
1488
892
-2561
-3751
-1846
-4300
-9647
9652
1173
-520
-6131
130
-1428
281
779
2530
5340
8444
3740
-1905
2400
-9033
4485
-6115
-5754
-4446
5121
4595
5324
-8853
-5695
-175
7
7470
4813
-5703
6878
-7105
-4560
5322
6174
4914
8931
6735
9563
-3883
6082
-3044
5390
-7605
-2165
-3659
8952
-3119
-4843
4329
8174
9559
-9194
9681
1197
-3162
7448
-3384
-1767
-6696
866
7603
-3000
4173
-2791
1108
8013
2934
-3535
-3072
6881
6510
-8400
5062
9546
6424
1466
-2714
912
-9918
1964
6561
5903
-2588
7957
311
-5203
808
7491
1757
2777
-7548
-6217
1104
2799
8396
8633
-1974
9378
-3752
-1911
7976
-5226
6658
6835
-4321
-8020
-9497
-3684
5545
-3295
2114
-9278
-8518
6507
-6057
-5479
2911
-2865
1195
3082
6630
3224
1554
4811
8097
-8155
-7133
-5040
2647
7798
-3798
-2115
-9178
-7085
-4740
-7821
-5580
-8166
-2840
-6195
-4254
8987
-8330
7359
-6004
-2625
-2965
7421
-8087
8310
419
8743
9591
1440
-2228
7411
333
4724
-1854
3774
818
5889
-803
7460
6146
-2492
3581
-8126
1694
8347
-8193
-1492
5733
8161
-6455
7919
8166
4015
8680
-3724
618
2791
-3862
6325
-8820
-8313
-8932
-3936
-582
1070
-1498
-5759
-2685
227
-4632
6497
-2461
-795
9206
-2739
-7909
-2243
-2535
1392
-295
-8846
-6017
7373
4985
-1701
-8628
8582
2719
-5894
5052
-2571
-258
-2917
-9692
-3264
8651
7792
-193
-5876
-2624
-7828
-2184
9650
1197
-4726
9876
7759
2279
9801
-9006
-5239
-4077
-5629
-4588
5611
-7743
9282
5416
2083
-8399
-2033
6574
-971
9570
2378
-4431
-2929
-4594
4660
8580
-2934
-1211
-2574
-9921
-7008
-1398
-9494
-5341
-2336
2223
-2956
8159
1383
-7329
-2811
-3019
9525
-267
2878
-3633
4044
9073
208
-7883
-2887
3339
-6575
1159
4607
-9748
-2976
-5827
-3897
6626
4218
-8445
6252
-2989
-1695
-3448
-3933
7703
2847
-9013
835
-9040
-7602
2561
-7239
2991
4065
-6348
-9593
-6793
-5693
6682
-792
-1160
2889
3837
-885
-1727
328
9057
-8423
-6766
4513
8499
3453
-1964
-1326
-568
4856
8615
-241
-6084
3912
-3148
-5530
-6199
4556
413
4774
3491
8185
7335
-1271
1194
5766
-7784
-1859
4326
-3003
2907
1533
-7325
8035
-3202
-8880
1529
747
5906
-4598
5391
8476
-454
-899
-9054
2557
7065
-8501
-7917
-8495
364
8059
504
-9733
4648
2458
119
3086
-1527
1974
153
-4998
1973
-5260
-5810
-9421
9017
4139
-1124
5253
2816
-54
-3697
6430
9321
4323
4032
-1462
-8517
4085
-8422
6163
223
366
-8710
4693
-3184
-3565
4874
8320
3877
4035
-7808
-7114
9941
-9700
7866
7252
4509
-1302
-5519
3044
8618
799
-1383
1077
-7209
-8851
9971
3963
5331
8612
-4512
-3700
-4819
7793
-766
-7640
-353
7410
-5381
-5288
-7501
-5438
6807
-8875
4285
1224
4703
-6171
385
442
9637
8662
8381
-4144
8455
1093
-3463
-9644
2230
-8588
-3417
-8317
2161
-7611
-8005
6900
8267
8413
3799
566
-9465
1995
-7483
6374
1887
2346
35
1315
1922
9359
-9174
-6151
6213
1847
-2838
-5046
9709
9306
-4844
-7118
-6956
6067
8444
9457
832
-7331
-7368
-3303
9022
-4952
238
6935
-5197
-46
-9408
-305
1502
-56
-4989
6986
-4198
9273
-3409
4513
9147
2029
-6901
-7918
-9435
4630
-1334
2479
-6581
-402
-3632
2517
927
-375
-194
2274
9184
-5823
3277
-6908
-8934
-8393
8766
-5525
6736
643
6824
5152
-4546
5871
3486
9450
1462
-5844
-2681
-7285
-5060
1675
8232
997
910
7652
-9692
9333
-2938
-2920
70
-8858
-2097
3459
8402
643
1465
-3688
-4478
-1334
4044
-3181
-6585
7204
-3935
-406
9300
5418
8885
9625
7213
-4094
4889
-7454
-8780
-9099
-159
8737
6451
8195
7924
-2582
4031
1237
1827
-6577
-1306
3852
8785
-8986
-5590
4326
4167
-4916
4239
-8068
-4892
-941
964
8410
-7396
279
2590
8334
-7210
5918
561
4808
3211
-2450
6607
2813
-5694
-7885
872
-9473
-2638
1602
2072
-1828
4399
9720
5874
-9368
-4716
-8013
-6122
5317
9289
-6376
-7119
1933
-9462
-5630
310
-1660
-1659
1669
-3044
1511
-7662
-7615
-4553
9520
-9438
-1105
4006
1190
5642
8408
5505
-4369
-1777
-7506
-7638
-163
-8053
-168
-4812
-7393
-9551
4854
9926
-3735
-2291
-6230
-6467
6646
2997
-8567
5820
-5890
-1806
4937
-1919
-9210
6840
-9859
-3082
-2191
4709
-8305
-7535
5399
-369
-6360
2240
-3484
5044
1730
8002
7824
-1374
3159
-8734
7687
8959
9615
1553
2666
1028
4719
-8376
5295
1498
2200
4420
-4777
-4083
-5993
6020
9915
-7176
-6487
-5709
-2397
-2015
-8632
-3079
5741
-5734
3035
1871
381
304
592
7554
-4649
-1478
6818
-5500
9579
-5578
8207
-1029
-6397
6718
-7630
-8577
-8139
2052
-8134
7861
3251
-8080
1000
-3713
9437
9057
1579
-2006
-4552
7383
-419
-9129
8218
-7757
4476
-6124
-2309
9479
-6373
-8541
-5058
5551
-3827
1332
4723
6267
8719
-4164
-3102
6516
-7799
2825
-1393
-5444
-2490
-770
-7267
-5072
2073
5836
6286
8056
-1871
2816
1855
2075
5644
7767
5374
9907
-5658
8220
579
-8186
6736
8656
-311
-8005
8449
-4692
-7223
-5481
-6066
7352
-9256
-7528
-9475
5467
8069
-6263
6694
3448
-8624
7831
6985
620
5436
-2623
-3313
8773
-7307
-2538
-2478
2367
-9514
-4891
6461
-2701
1764
-4868
2426
8507
-3380
-1554
-416
6966
-1322
1618
6948
-3567
-4534
5580
1915
-1390
668
3559
5636
-4255
-1302
-8723
-7450
-9304
-7049
6685
579
6695
6659
-9287
3137
-5616
9406
5495
1983
-3040
4835
1468
-6957
6716
8175
176
5459
487
-118
-5993
-3492
8373
-5807
4545
-3094
6497
6813
8339
4127
4038
-4127
-5995
1295
6025
-5302
3063
1647
9440
1489
6011
5960
5074
-6985
-822
2007
-568
-300
7072
3454
-4971
452
1040
1815
-6736
3519
7204
8800
-7976
-7656
3398
1887
2811
3092
9737
-6001
9571
9301
7842
3996
-3090
6947
-5117
7654
884
6521
8268
-2758
4489
-5148
1974
-4749
-5023
-7277
-6958
5129
5637
-9866
3138
7930
5015
-2954
5960
-9264
-3593
-5510
2092
4450
9859
5950
7508
5001
-1225
7838
1526
9016
4177
480
-9749
-7085
-996
3112
661
4451
-3368
-5060
-5257
2704
1722
326
-7501
2267
-2581
8269
-341
713
-5069
242
1909
-8460
-7973
-2673
9553
5538
6203
4110
5933
7434
-1756
525
-310
2300
84
-8364
9543
-4617
-5059
7848
-109
340
1851
1027
8252
-6075
-1853
-6572
5782
7392
-8190
-9132
5040
6081
6848
1950
-6072
-7106
7068
3374
9175
347
-4455
-7680
8387
-5173
1110
3488
-5972
3066
-9266
-6622
9123
3483
3077
6102
-3863
2186
3511
-2559
7118
-9826
-201
-6270
7260
-1323
-999
398
6482
-7082
-9866
-1202
-228
-2186
6726
3246
4899
-8641
1518
-6356
5834
-4145
-3730
4025
-3095
-290
-5675
3497
2219
-5868
9517
9100
8679
9364
-9635
-8488
790
-8159
-9721
5515
-8817
3889
-3884
-5268
306
-3003
4924
8253
-4626
-5951
7108
-8588
-4876
6654
-9981
2801
7827
2159
5186
-5271
-1741
9453
6570
3053
-8169
7146
9383
1633
-3330
5500
4140
-6942
-270
-3848
-2888
332
-2475
6561
2292
-1103
8997
5142
-1711
-9325
-1050
8679
-8638
1840
-6904
950
-1434
-5303
4711
-2992
3535
7529
-1138
-113
5583
-5967
8336
4579
4216
-6340
1799
3032
3890
-5711
-3732
1652
-1855
2480
3239
-4217
-8201
5321
-5071
2537
7125
-8203
37
377
2949
8416
-7417
-6482
-8523
8748
-6095
3051
3080
-2173
-4802
3833
-2015
-5313
1426
-9789
5264
-6346
3155
9067
4078
991
8742
863
-3208
-1362
5816
1241
-3965
2516
7039
-9736
5226
6183
-2361
6602
-8457
7027
6825
2459
-3233
4465
291
-8714
-5091
-6472
-7367
4422
3872
3499
-2648
4780
-7675
7356
8417
-5657
428
-3524
4727
-7333
4950
-5509
-4872
-4796
951
-6828
5305
-9433
8070
7610
2212
-7661
-6949
852
7721
-5417
-2512
5263
1197
-3994
2681
-8926
-5470
-7395
5321
2138
-8687
4161
-5676
-8786
-7581
7488
-5469
-9116
-532
-6810
2109
336
-4150
-1818
-709
-2735
-8030
-2876
-4165
-1262
-4577
5588
3158
-4609
-2633
9277
6166
-251
1240
-9330
1498
7742
-5367
3702
-4293
-2833
2598
1386
3330
-1887
6877
-1703
9729
6337
7207
-2246
7576
2903
-5945
2948
3419
-9156
6639
9001
3373
8326
-217
3764
6075
2723
-4817
-341
5119
-5643
7742
-9703
7081
9012
-6056
-5368
9090
8351
152
2723
7235
434
7805
5418
-2782
650
-2792
-1038
7643
-2001
5712
-4780
8787
-285
1609
3419
-8641
-3601
-8678
2444
-8237
-8868
-1510
5028
98
-7064
8287
9971
1963
-269
3736
5544
5243
2571
-3559
-7377
5151
3274
7397
4559
-8277
4336
-2353
-8072
3141
3333
9452
-7332
-1506
3883
5875
-256
5470
7785
-9015
2931
2173
-4113
4002
4206
-2003
1859
9947
-5820
2092
-3947
-7355
-6978
-3720
-6271
-1807
6505
-3512
-9886
9470
849
2163
7809
-4162
-4739
5298
8815
-3893
-1638
-1881
3076
7761
-4798
-6696
3058
6215
8033
-8698
-3350
-4079
7461
-750
5656
-1642
-2143
500
4157
-8339
-1558
-9797
4906
870
7600
9586
-9598
-2009
-9332
-4896
-7708
805
-6474
-5159
-6400
-7761
-2142
9673
1175
8217
-7995
3234
5113
-5391
9750
-3750
-8468
-1735
5522
-8787
-9922
-2489
545
9122
-3550
2008
2435
-5479
8953
5562
-3277
-1613
4288
6601
4677
-3565
-6008
-6460
-5446
-4473
-3403
7968
-1820
5947
5012
-9138
-3335
7801
-6866
-7107
9723
4515
-3319
1917
-946
4351
2263
-3366
3072
-4361
-9240
-3310
2985
-6871
-4876
9874
-2507
-899
-4924
-7845
1105
-4686
-4645
-2963
8165
-2563
9969
-9665
-4539
9905
-1657
4784
9473
4347
-3601
4972
-2970
-7913
6916
-5907
-4059
-2608
8701
2743
-7778
3473
8558
8999
1287
-6166
-1183
1207
2503
-7115
9186
-7280
4427
1582
5172
-8963
-6510
-8756
4637
4547
-3773
3254
7798
3099
5006
3819
-9769
-1867
-2339
-3348
-7106
9259
5692
-9297
-1890
-3733
7652
-9529
-7419
-9906
-1046
2431
-1102
-529
-4932
-5585
-7301
-434
-9630
5801
-7839
-8259
4590
4192
-8403
5947
-7614
-2744
4878
-3569
-5899
-4225
9883
1502
-8751
-8947
5037
-3858
-8030
2895
1284
-9639
-2031
4061
6358
9970
5543
5156
-3942
-6191
6027
5943
-7412
-1320
8815
-473
3624
-97
9951
1492
-6842
-9339
-3690
3764
-2376
8614
-7507
-8030
-7240
-5236
-6416
-743
2937
-7489
2513
-1657
-6715
666
7067
-5163
1268
4961
-7434
7043
4576
4468
-6273
8983
3980
-8401
-1371
-6423
3141
-6428
4197
6753
-1616
8913
-3507
-5933
4059
6856
4050
6402
5267
-6695
-3049
-7696
7447
6756
-8952
-4814
7778
-4003
-2927
-2900
7653
-8295
8114
5820
7876
5704
8497
-1837
-9177
-9638
-4460
5026
-7269
-7270
5985
8546
1501
-2620
-6711
2502
4754
7851
-7118
6120
-9663
3187
1202
-838
6271
-268
-1606
-1494
-3571
9685
4906
-3008
1902
5870
-3098
-9340
6907
1401
-6724
-8445
56
7209
-2433
-8568
-7992
104
8944
8454
-4163
-3076
789
-307
5759
4184
-1941
-4074
-1925
5307
579
-8622
3932
7264
3845
-2703
8582
1964
-2574
-5171
-7243
-9444
-4070
-9118
-1176
-9113
5722
-6288
-9933
-6821
415
-2409
-6002
-8455
-1228
-8903
-8201
-5510
-1556
-7726
-35
5117
-6817
-8937
-4715
840
-1806
2436
-5120
3137
4255
-8852
-2938
-3867
707
652
-2438
-9311
6811
-8925
-7553
3067
-3055
-4203
9128
2275
-496
9852
-3457
-4599
-5581
7276
1128
8776
-1434
-6490
7179
-1610
-6236
4061
-9453
-615
1180
7748
-4460
7146
6067
5110
-8010
-4896
-2971
-4780
-4749
-9410
-9447
9788
3905
-1605
-7806
1638
-8658
-5012
-3334
8650
-2652
-3790
-7542
-1344
-6207
7610
6655
-1501
-3559
7123
-6627
-1968
-9036
-343
1133
-1884
-4553
1482
1348
-4821
-9977
-7968
-1002
8289
-9354
-5463
-3231
8102
6291
-416
2915
3177
8885
-7310
1844
9934
2956
-771
-1894
8761
-7578
3339
9927
-1394
-1620
-3803
-2446
-729
-425
-7801
7226
-2692
-41
101
-1501
-9224
8170
-7740
816
-6590
-7486
-1779
-8572
-1658
-6111
7517
-2409
2670
6217
-1522
7384
584
-9638
3862
-3926
7248
8808
-2689
-3732
4398
-2323
1455
5038
-6345
8466
7458
-4318
-4852
7707
8637
-5792
3020
9875
-2180
5091
392
9051
6471
-1262
-7843
191
4463
-4465
-6165
-3548
6138
2405
7704
4393
4719
9699
4706
-939
-7946
-9808
-5798
-5392
-5441
-4867
9692
2696
-8052
-8797
-4942
4606
3431
-5679
-2897
-1475
-7382
1583
5597
6861
6999
-1247
-2931
3258
1710
6663
7200
-5532
-9161
9415
199
-9529
-5551
7126
-9766
-3102
-1504
-261
8949
1003
7323
-8365
7859
-8525
3980
-936
-1274
1327
-5315
1918
-13
-4629
-4134
-8633
-2997
7806
1612
-9928
1194
2638
-1568
9174
-7023
7411
455
9302
-4453
6521
5923
-3432
-6107
-8445
-8834
-5896
-2292
-2611
-9542
-8899
6836
3819
-639
-4180
-4702
206
-4885
-3153
7446
349
8504
-1720
-4773
3741
7962
-7541
183
-8398
-6449
4081
-6177
-3628
-1134
-2282
1029
-2282
-3269
-8611
-4419
-4990
-1343
640
6736
3632
-8139
-7986
-9149
-3253
-9674
-4325
-8553
-2265
9711
-32
-3433
7057
6397
-2571
-7070
-7219
-4811
-9607
-2791
-8322
8713
-756
-2429
-2224
7011
-8948
-6965
468
-3905
5364
5292
639
2159
-4142
964
9242
5685
892
-9817
-2231
1236
-1824
-4057
2931
8114
-7464
-4230
-209
2695
-7584
8493
6841
4088
8146
-277
-6801
-7780
-1086
6073
2715
-4565
-4835
-7796
7060
8312
4552
5649
3433
-7349
775
-3528
7078
368
-8493
103
6152
-7070
1519
6264
-4397
1237
-4391
6906
-2876
3729
2273
991
3902
519
9187
-3522
-4441
4013
5143
4070
-6355
-5800
-3871
9817
5225
148
4377
-8671
-5755
-740
2802
6276
7781
-8430
-7858
-9647
5295
-4348
-1757
9624
6737
679
2098
6138
9498
-6422
-6694
-3973
-3633
3499
8374
6985
645
3486
-3269
-6244
-4860
2606
4638
-1002
3545
-4899
-150
-8053
9742
1820
6745
-4019
-2794
-7232
5138
-4988
-8776
5262
9730
6883
1927
-3395
5616
-958
-2458
6845
-2449
-8107
-6522
-9189
-2658
-7273
-260
5332
-8872
-3236
-6121
4476
5322
3240
-7346
-8916
-7345
-7510
-6076
3443
-3722
6016
-1014
2150
-1196
-7924
-5850
3697
-2623
-7128
1158
8
-9847
7204
-5743
-3488
-1443
3483
878
-3169
9281
6350
-4270
3393
9326
-6243
8599
1690
7778
-251
9108
-4891
-1527
3293
-9477
-873
-3057
-2333
-4182
-3308
1682
6923
-4570
-4538
-9699
-5337
3834
-5730
-6369
-7791
7342
650
-4446
-5349
7433
3790
-3199
-6146
8238
-3219
207
2839
-142
-8620
6470
-767
4929
5942
271
1852
1079
-3056
7524
-1801
2265
-5736
8382
2870
994
-1903
-6990
8343
7442
5457
-1640
-8857
9521
8675
-9749
-480
7016
-4562
-351
-2149
-6978
-9587
-8587
2919
-1135
-8407
-2333
-5213
-5288
119
-4044
1794
344
-9928
5334
-6182
7622
-9109
3023
153
-3694
8885
5992
5903
9211
353
8804
-9684
-3933
1790
-6279
-316
979
5460
-9329
-159
4690
-5345
9258
9711
-1874
-7184
-4800
1534
-1233
9514
-2103
-9186
9145
-6226
-1035
-5560
6466
7071
3786
9904
-7446
-7405
-6251
8521
-4101
-642
4259
-2931
-8861
9509
2101
-9790
-3953
-316
3697
-3493
-1140
-7179
9881
6961
5325
-5817
-723
-701
-3221
1372
1641
-4553
5849
-4316
-7192
8347
6986
179
3385
6212
-336
9838
-4058
3959
1636
2951
-2923
-3703
7110
-9778
-3230
-398
9871
5524
2984
-170
-788
6608
-3576
-9785
-6203
7740
619
2779
-9148
4310
-4827
-8652
8272
6792
-4960
-5259
-1201
4622
-2751
3436
3220
-6197
-7161
7834
6034
7893
-6391
813
-3806
-6782
8736
917
-6858
-4593
707
1227
-4613
-3795
-2564
-3610
6435
4209
-3877
-7449
-3677
-5116
-2737
8013
3716
5166
1134
-2742
454
-5507
7474
4032
-6676
7791
-4641
-9979
5817
8514
9858
-6482
-2055
-5884
-5412
9589
-7375
6643
5980
-8845
-3638
1285
-2549
-3897
-6597
6934
-7505
-6453
2337
-2504
2900
8353
-7853
8853
-2302
-2415
1351
5195
8265
5738
3106
6497
136
7
4081
2092
9520
-4918
-9445
5131
7207
-658
-6746
-410
-3671
